2.6414 -59.15 -77.1821 -45.4366 | -179.1273 188.94810000000004
-43.7991 -99.3127 81.3456 -64.6249 | -126.39110000000001 -882.6883
55.2939 -14.0871 -38.4263 56.4354 | 59.215900000000005 390.1873
62.0655 -26.0526 -68.7901 54.5987 | 21.821500000000007 524.5879
38.5022 -71.1091 50.8061 -81.1705 | -62.9713 -415.0217
64.1395 -59.7686 -90.4103 -42.7551 | -128.7945 440.4091000000001
59.887 -54.8999 -81.9396 89.398 | 12.445499999999996 532.0572999999999
25.0382 -3.4531 -4.7956 -46.7524 | -29.9629 59.980899999999984
60.235 -82.1017 41.9947 54.2208 | 74.34880000000001 -203.3528
66.9292 19.244 -81.1511 -58.9277 | -53.90560000000001 623.3474
-53.1046 -8.7964 25.6007 -0.7057 | -37.00599999999999 -296.4122
-0.4114 -77.8038 -71.3685 -14.1275 | -163.7112 126.0694
-58.4694 45.259 50.7637 16.643 | 54.1963 -258.8067
75.9908 -30.1532 35.1558 -52.7904 | 28.202999999999996 -73.0566
-48.169 34.3589 -21.1241 95.5091 | 60.57490000000001 177.6993
-61.4685 -53.4381 -85.4731 25.2456 | -175.13410000000002 125.89130000000003
48.0655 89.8509 -70.0641 39.1967 | 107.049 821.2664
-21.7189 94.053 30.8585 -28.9015 | 74.2911 51.8083
60.961 49.1561 -18.3457 90.2742 | 182.04559999999998 530.3539999999999
48.7329 -80.432 93.5781 -45.0191 | 16.859900000000003 -590.0069
74.5692 59.085 -70.7799 93.6121 | 156.4864 866.4741999999999
97.782 -30.5255 -82.7245 2.4025 | -13.065500000000018 635.7945000000001
92.4359 -28.4874 82.9369 -25.1006 | 121.7848 -229.93959999999993
96.7276 38.8338 -73.5205 -17.0388 | 45.0021 775.2478999999998
-92.8752 88.228 46.1094 -35.9568 | 5.505399999999987 -262.44540000000006
-96.5864 -45.798 -4.515 -68.1583 | -215.05769999999998 -454.7365
21.3705 -63.2158 -30.8983 22.453 | -50.2906 69.4086
76.6045 92.3798 -81.9083 -33.1473 | 53.92870000000002 901.3471000000001
-45.2402 -57.5256 68.3288 -17.2769 | -51.713899999999995 -649.2182999999999
4.3404 44.88 -6.1287 -1.3839 | 41.707800000000006 194.9208
51.5939 67.9388 -52.299 17.3576 | 84.5913 655.4507000000001
-60.503 -55.6481 -59.0221 -82.9485 | -258.12170000000003 -118.2913
6.5118 68.0837 94.4437 84.7741 | 253.8133 -145.65790000000007
-64.4461 90.1554 -34.7444 33.9021 | 24.866999999999997 302.752
92.801 27.6972 -14.433 -99.6636 | 6.401600000000002 351.996
67.9196 -30.3049 -66.2529 39.3952 | 10.757000000000005 501.5038
32.7721 -26.9813 -54.5342 -93.9684 | -142.71179999999998 214.07500000000002
42.7058 2.5791 86.8903 20.5413 | 152.7165 -260.05550000000005
26.0558 75.5904 -65.4441 -84.1554 | -47.9533 566.0037000000001
-64.3844 41.8014 2.1119 -19.2804 | -39.7515 -79.5889
-5.3459 81.4046 -41.024 94.5692 | 129.6039 545.8653
-18.0478 -48.9114 -12.2677 -28.4926 | -107.7195 -150.03169999999997
11.1977 58.2095 -49.3443 -8.514 | 11.548900000000007 464.42909999999995
-11.2126 73.6313 33.3044 -76.3577 | 19.365399999999994 -37.62360000000001
-45.3984 78.4496 5.2803 -91.2739 | -52.94239999999999 -0.5217999999999847
18.1022 37.6109 49.4339 -62.9137 | 42.23329999999999 -124.94390000000001
8.0611 75.5649 31.8009 63.8259 | 179.25279999999998 173.69939999999997
76.9936 -27.6669 36.7437 -64.9476 | 21.122800000000012 -82.68599999999998
-56.5583 -93.5663 -77.3355 24.5965 | -202.8636 -21.099799999999952
18.0489 -23.5255 -79.4382 -42.1451 | -127.0599 356.61609999999996
73.2945 65.7546 87.4688 -12.1012 | 214.4167 -14.29790000000002
81.561 -46.4834 -66.7636 44.7064 | 13.02040000000001 501.7572
-27.5735 -11.2855 -2.889 -60.978 | -102.726 -145.11
60.8282 72.9277 15.9464 -0.7384 | 148.9639 338.7973
39.6261 -75.8001 91.0113 -76.1719 | -21.334599999999988 -621.7504000000001
-59.2411 -7.5571 41.6111 -37.1359 | -62.32300000000001 -427.586
38.5866 78.1184 35.5672 3.9381 | 156.2103 194.21709999999993
-71.6359 -68.9779 -20.9451 81.9327 | -79.62620000000003 -217.1832
-57.4892 -26.9464 59.7967 -86.0228 | -110.6617 -620.3131
-21.5999 18.6132 92.2836 67.3504 | 156.6473 -385.02770000000004
-62.656 -73.281 95.2884 24.3105 | -16.338100000000015 -841.9425
99.0285 -15.6186 92.8294 -44.9244 | 131.31490000000002 -240.84170000000006
-16.8395 -30.0297 23.7535 72.0885 | 48.97279999999999 -169.28659999999996
-73.761 -13.6296 -27.539 28.0853 | -86.84429999999999 -78.39149999999997
-10.4928 91.5106 16.2033 93.3313 | 190.55239999999998 273.3682
-50.9054 -46.4676 -18.2377 -16.5713 | -132.182 -199.50180000000003
-16.1319 13.6939 18.5902 -58.1585 | -42.006299999999996 -140.4235
26.5752 6.3134 -17.1836 43.3268 | 59.0318 245.9106
-75.773 88.1866 -21.6221 -20.8747 | -30.083199999999998 142.47660000000002
87.8657 -30.3821 3.0876 30.3279 | 90.8991 205.34070000000003
97.4915 56.6802 -38.0736 -11.4397 | 104.65839999999999 659.4434
18.9973 -8.5931 32.4894 5.9635 | 48.8571 -107.2709
28.9709 -77.4096 -7.948 -9.4483 | -65.835 -97.02439999999997
71.7375 -72.3249 51.4305 68.5623 | 119.40539999999999 -172.35240000000005
-98.9847 9.0773 83.1401 -91.4069 | -98.1742 -758.8296
-52.3213 48.0011 82.2794 -10.0439 | 67.9153 -416.4015
63.6243 -22.0237 93.6969 -54.2237 | 81.0738 -379.9064000000001
24.1669 10.3209 54.274 -39.534 | 49.227799999999995 -189.44060000000002
88.0275 -10.2177 5.7393 -33.8521 | 49.696999999999996 188.88079999999997
-31.6188 -31.2863 29.414 -37.6798 | -71.1709 -355.4651
-14.8186 43.9874 -13.6288 -88.0245 | -72.4845 85.62589999999999
-71.676 18.29 -21.6127 -12.5276 | -87.52629999999999 -46.62210000000002
-33.3382 -18.026 69.5093 -21.8625 | -3.7174000000000014 -505.50159999999994
36.374 77.0101 3.1147 17.6401 | 134.13889999999998 360.21889999999996
-33.5583 93.3208 -96.7158 71.742 | 34.788700000000006 752.6084999999999
14.2816 28.9287 -2.0776 43.1151 | 84.2478 201.13400000000001
-87.9938 -0.07 74.4266 97.1297 | 83.4925 -521.1947
-38.5286 -88.6125 28.639 -89.945 | -188.44709999999998 -596.5633
33.9895 57.0301 -48.4305 -60.3996 | -17.810500000000005 472.81170000000003
4.5218 -65.6525 76.1813 30.9202 | 45.97079999999999 -515.3783999999999
-10.859 12.3163 70.8462 70.6104 | 142.9139 -261.2487
77.1743 -59.4973 -13.4449 -2.2857 | 1.9463999999999992 135.96979999999996
20.3232 -77.6415 -59.4505 43.6218 | -73.14699999999999 186.91940000000005
-13.9226 -30.2279 26.066 25.8095 | 7.724999999999998 -218.97199999999998
-61.0743 -31.6852 -42.2564 90.682 | -44.333899999999986 41.685499999999976
-9.1832 -32.7926 22.5107 15.0696 | -4.3955 -205.4113
69.3046 -26.1489 -73.5381 -12.9018 | -43.284200000000006 502.25579999999997
-58.9916 45.79 -92.0967 -82.0402 | -187.3385 356.83849999999995
-11.8747 -28.0199 -25.9422 -65.5851 | -131.4219 -37.557899999999975
73.4276 38.2027 -42.7745 44.4808 | 113.3366 611.2442000000001
-5.7232 -28.5518 -35.3069 -79.3105 | -148.8924 12.398999999999972
82.3035 52.2958 -79.5092 -85.2759 | -30.1858 734.0680000000001
-14.4243 -32.0422 4.9521 4.4807 | -37.0337 -141.67929999999998
64.1505 34.3239 -52.9767 0.993 | 46.490700000000004 579.2997
-65.6765 3.7894 45.2851 72.1746 | 55.572599999999994 -321.91220000000004
-11.0054 26.0173 -62.0127 3.386 | -43.6148 376.4852
-67.7048 -14.6975 1.5948 81.9124 | 1.1049000000000007 -155.26850000000002
46.0979 62.1717 36.3487 57.8235 | 202.4418 218.8888
6.3826 39.8817 27.9985 -11.4554 | 62.8074 5.344999999999997
46.2173 43.5697 36.005 -85.309 | 40.483000000000004 22.026999999999987
-66.832 85.3611 -15.0739 19.6484 | 23.1036 168.60520000000005
-60.5205 -18.5672 84.6607 -2.9486 | 2.6244000000000076 -645.5152000000002
-42.5782 22.4238 39.2256 -67.0291 | -47.9579 -305.62029999999993
44.0658 39.8936 -39.3342 -33.5103 | 11.114899999999999 433.0389
-23.4162 -78.6498 16.0783 -31.416 | -117.4037 -400.0055
-98.9853 52.7782 -84.1664 -39.7326 | -170.10609999999997 260.4781
39.375 -42.6147 -64.4458 -69.7265 | -137.412 260.78340000000003
99.6147 -77.6192 -49.4085 -15.2112 | -42.6242 315.8178
99.6398 75.6831 -28.5069 63.3097 | 210.1257 749.8129
68.4155 -55.4933 -55.0486 19.8606 | -22.265800000000002 351.87019999999995
-2.177 -76.1162 -54.5055 80.73 | -52.06869999999999 136.37789999999995
-18.8889 58.2565 -20.0777 91.1171 | 110.407 327.60839999999996
60.4338 4.6582 -43.0779 -19.0602 | 2.953900000000001 409.6053
41.083 75.0932 72.1515 -22.204 | 166.12369999999999 -16.43290000000001
82.9471 87.8021 -96.3764 9.73 | 84.1028 1021.8596
-23.4173 2.6943 -7.9173 56.6424 | 28.002100000000002 52.0599
-92.5999 -99.9294 53.8206 -52.107 | -190.81570000000002 -880.7979
1.35 -36.4285 52.4639 -65.2693 | -47.8839 -414.8243
30.9285 -78.643 16.0488 47.7494 | 16.0837 -157.6381
-46.2312 15.7467 -63.9824 -54.4067 | -148.8736 192.05179999999996
97.5204 63.5093 20.4759 81.1035 | 262.6091 479.8131
-89.0612 -6.7402 -94.2915 40.3587 | -149.7342 242.41199999999998
-44.6446 -80.7804 31.468 87.6712 | -6.285799999999995 -427.9438
-65.8958 46.0473 -46.3692 -63.9913 | -130.209 126.30920000000003
14.9612 -13.2605 4.781 -3.5476 | 2.934099999999999 -4.350499999999997
88.5682 -91.1332 -46.1137 25.2584 | -23.420299999999997 266.1319
-5.4873 14.5807 27.3066 -28.8292 | 7.570799999999998 -120.082
4.8504 -80.4441 2.2594 -30.8621 | -104.19640000000001 -250.94020000000006
44.8925 -76.1956 -61.4684 91.7463 | -1.0251999999999981 323.17900000000003
12.3597 85.5705 -21.5218 83.6526 | 160.061 503.05219999999997
-16.6957 97.9569 -29.781 -16.9664 | 34.5138 393.7222
-60.5938 -46.7215 15.5386 80.6161 | -11.160600000000002 -301.0228
77.7502 -37.5913 -32.6439 -22.8853 | -15.370299999999993 278.81090000000006
-61.4762 45.9889 84.1509 -2.7571 | 65.90650000000001 -451.9734999999999
-66.7134 -71.1259 -77.8025 0.9534 | -214.6884 -5.55200000000001
97.9407 -97.1107 -96.0696 -56.7847 | -152.02429999999998 444.05330000000004
-17.6131 75.3512 73.1008 97.6015 | 228.4404 -76.68819999999998
-47.8497 5.4275 -91.2665 47.1671 | -86.52159999999998 394.23299999999995
-72.6496 19.3963 -47.7809 57.8375 | -43.196700000000014 154.9821
-26.995 0.6271 -85.545 4.2355 | -107.6774 370.8568
-82.783 -4.9678 53.1732 56.2276 | 21.650000000000006 -454.89079999999996
-50.1078 44.8496 81.9614 -82.6086 | -5.905399999999986 -490.1902
-23.4707 70.1885 -91.7878 -26.0424 | -71.11240000000001 591.05
-73.3352 89.1425 -98.0349 -32.4849 | -114.7125 523.1115
-79.3831 -81.5857 72.8764 -30.1961 | -118.28849999999998 -859.4844999999999
96.4823 -21.3925 51.7417 5.0974 | 131.9289 -10.341700000000053
-98.8728 -43.4827 -2.693 39.0435 | -106.00500000000002 -356.55800000000005
-95.6049 -12.3119 -17.847 67.2151 | -58.5487 -149.3003
-61.6857 -24.5797 28.7943 50.4719 | -6.999200000000002 -334.2958
8.2285 -73.9101 -30.1503 27.6599 | -68.172 -0.6333999999999875
0.9207 -2.5655 -50.4956 3.898 | -48.242399999999996 269.4416
-96.1774 -64.6747 78.3193 -91.9082 | -174.441 -948.0609999999999
55.2324 68.4428 89.4703 -14.0231 | 199.1224 -72.34899999999993
2.2891 -41.0985 74.1173 37.0254 | 72.3333 -431.9893
-0.2033 -51.3104 29.8708 37.2107 | 15.567800000000002 -248.68439999999998
-10.1413 -90.609 -18.1961 -69.5816 | -188.528 -262.852
-24.8157 4.9589 50.0859 90.2332 | 120.4623 -201.76670000000001
-52.4081 89.1274 -81.7956 -96.1081 | -141.18439999999998 441.0278
91.3888 -92.7736 90.3795 -78.0065 | 10.988199999999992 -516.0584
-18.3734 20.3035 -54.6782 -29.0543 | -81.80239999999999 268.12699999999995
-96.7375 -2.572 92.0264 -66.9887 | -74.2718 -807.0491999999999
-50.1655 5.9231 35.5909 -1.4483 | -10.099800000000005 -294.13
87.7556 -25.8512 51.6783 78.9816 | 192.5643 24.303299999999993
-83.7043 98.1061 10.5272 37.0388 | 61.9678 45.6082
45.0816 67.176 23.526 3.8217 | 139.6053 240.96450000000002
-63.3318 -66.1197 -3.255 -62.1286 | -194.8351 -416.20810000000006
-33.8399 -54.8111 -39.2633 -28.0884 | -156.0027 -79.72489999999996
-73.6098 -68.1021 -79.1917 4.2268 | -216.67680000000001 -6.950400000000027
-36.5205 -35.2691 -42.6054 -53.0968 | -167.4918 -37.43859999999998
97.2236 4.3805 45.5799 3.6923 | 150.8763 98.60509999999998
-12.6417 58.1118 51.9185 -27.8142 | 69.5744 -132.99640000000002
-98.3081 63.28 45.8365 -46.6488 | -35.840399999999995 -362.9156
56.4179 9.4951 17.9375 76.4301 | 160.2806 202.48160000000001
39.4994 -29.138 -17.3657 23.5819 | 16.5776 159.4946
67.4148 -34.0506 47.9976 87.6911 | 169.0529 -34.20430000000002
-67.9542 -66.0812 -60.3628 53.1985 | -141.19969999999998 -29.09369999999992
-89.4728 -56.7821 -20.9837 -37.4152 | -204.65380000000002 -353.2614
24.8129 -18.9658 19.2039 23.7693 | 48.8203 -36.708900000000014
-84.3171 -59.6113 0.6441 60.7267 | -82.55760000000001 -356.27900000000005
25.974 2.9077 45.5934 69.0193 | 143.49439999999998 -54.30260000000003
-76.82 54.6671 -71.5483 -81.9941 | -175.6953 227.28869999999995
-19.6359 -25.32 59.8074 17.5832 | 32.43470000000001 -398.32150000000007
-61.4134 -94.7863 -38.7319 -63.0728 | -258.00440000000003 -320.01240000000007
91.7986 21.5813 -20.9614 67.7129 | 160.13139999999999 530.6596000000001
97.8253 3.7082 89.6724 -24.7419 | 166.464 -150.50339999999994
12.6605 -71.61 40.6088 62.875 | 44.5343 -299.0175
-9.2377 44.9238 -23.3667 -52.2724 | -39.953 189.6194
-95.2206 -0.5017 -31.4741 -74.1671 | -201.36350000000002 -185.96350000000007
-55.1359 -65.7344 77.3652 -94.4462 | -137.9513 -825.8831
96.1046 24.9667 -40.1284 24.9646 | 105.90750000000001 606.8205
-55.3693 64.4733 -67.5788 62.7039 | 4.229099999999988 445.9099
32.4786 -12.5081 -63.3833 0.2934 | -43.1194 395.1214
-57.7115 -40.2327 73.1619 -48.2855 | -73.06779999999999 -689.9276
34.2975 21.9053 30.419 -24.4388 | 62.18299999999999 10.074600000000018
-56.4773 31.9788 -3.4508 -79.8272 | -107.7765 -118.06869999999998
29.0887 -28.2042 53.0132 24.6724 | 78.5701 -219.74009999999996
36.608 -87.4116 -46.3979 59.5708 | -37.63070000000001 157.14949999999996
-59.2853 -8.9912 30.5043 54.7867 | 17.014500000000005 -284.5643
-27.67 -41.2578 20.6385 -65.0988 | -113.38810000000001 -357.0747
91.0168 -78.3875 -26.3847 6.9559 | -6.799499999999998 194.76729999999998
43.6062 0.475 82.4929 -0.4253 | 126.14880000000002 -262.6462
19.124 56.4308 -36.7056 27.6995 | 66.5487 455.8919
-89.9729 53.5227 53.651 5.9734 | 23.174200000000006 -353.63219999999995
-61.4658 22.9989 3.2414 60.8665 | 25.641 -52.74119999999999
91.9826 93.8852 14.0735 -15.3202 | 184.62109999999998 489.91569999999996
-13.779 -35.8066 -46.7976 -83.6454 | -180.02859999999998 19.585800000000006
22.407 40.5624 48.4116 -28.9035 | 82.47749999999999 -64.05330000000001
50.2485 -18.9865 34.7728 -87.9875 | -21.952700000000007 -150.0655
96.2514 -73.7575 -5.2134 -58.7416 | -41.46109999999999 52.807100000000055
-77.442 26.3181 -55.4914 -65.8086 | -172.4239 76.27670000000002
72.318 70.462 -20.0977 41.1944 | 163.8767 588.0229
-59.3542 87.1076 36.6763 54.9521 | 119.3818 -27.16919999999996
-96.2991 30.8852 -77.89 62.9281 | -80.3758 274.1364
-78.2931 -91.5077 96.6647 9.7694 | -63.36669999999999 -964.9564999999999
35.3289 -56.2262 -24.1051 31.9053 | -13.097100000000001 107.73889999999999
1.507 47.6562 73.6164 -8.0158 | 114.76379999999999 -210.60820000000004
-81.9257 -0.0928 70.3752 -53.0355 | -64.6788 -632.967
-25.5532 -43.449 -70.5536 41.9362 | -97.6196 205.69760000000002
10.2863 40.0674 80.802 -64.9406 | 66.21510000000002 -299.88950000000006
-93.1925 -91.839 -55.3465 -65.902 | -306.28 -326.2639999999999
-11.5736 -81.0265 64.7356 94.8449 | 66.9804 -488.6334
-47.055 -68.5391 4.2541 88.64 | -22.700000000000003 -261.4128
25.1534 12.7479 53.8236 33.1783 | 124.9032 -104.23579999999998
-67.7858 95.0776 -14.1258 -45.457 | -32.29099999999999 125.04740000000004
39.6456 56.253 41.8452 -30.8053 | 106.93849999999999 65.66450000000002
8.2114 -9.6175 7.0657 -98.4397 | -92.7801 -119.9865
-83.5818 92.3609 -9.1168 45.7045 | 45.366800000000005 135.62579999999997
52.8201 -17.4036 -92.2936 58.3623 | 1.485199999999999 644.0798
51.1744 51.1643 80.3425 -95.0501 | 87.63109999999999 -171.74649999999997
-49.8885 -92.165 73.9694 -52.7652 | -120.84930000000003 -830.7727
-80.0488 -98.1734 45.2286 -20.8809 | -153.87449999999998 -763.6905
67.0653 -61.7974 22.3277 52.686 | 80.2816 -25.1488
82.8731 86.9537 -54.6914 33.9565 | 149.09189999999998 834.8938999999999
42.7524 21.6307 -69.845 -51.0919 | -56.5538 509.28240000000005
81.1455 16.2429 -18.8383 3.784 | 82.33409999999999 408.1407
66.9151 -20.399 -7.1474 44.9763 | 84.345 238.2616
-38.1781 -0.302 9.2592 -77.2597 | -106.4806 -220.99599999999998
-97.2439 9.5733 66.3843 -92.1673 | -113.4536 -669.1005999999999
-17.6133 -63.7113 98.2773 36.0408 | 52.99349999999999 -681.3195
45.7961 24.4047 32.6133 -13.364 | 89.45009999999999 52.171899999999994
-3.4281 -46.3836 77.5019 -79.0567 | -51.3665 -598.0013
78.0005 94.4215 44.8346 -55.2671 | 161.9895 255.82590000000008
24.3477 40.8239 19.7757 -18.0435 | 66.90379999999999 96.59279999999998
-80.1868 72.5601 -28.0398 83.7563 | 48.0898 219.0752
68.5798 52.921 -17.6982 70.4278 | 174.2304 541.4212
1.0547 -39.9731 -69.3278 53.6435 | -54.6027 301.5273
-86.8798 -73.7409 -54.8127 60.0546 | -155.3788 -129.74400000000003
-56.7232 42.2119 -95.6616 96.8135 | -13.359399999999994 549.5876000000001
-15.862 64.6831 5.8911 55.3165 | 110.02869999999999 190.3243
-50.1349 -44.2058 -16.4869 12.2597 | -98.5679 -170.32790000000003
27.5948 -73.4747 40.3888 -72.1636 | -77.65469999999999 -393.7473
-63.5216 -16.261 -58.2618 -24.3088 | -162.3532 45.652400000000014
71.0907 81.6785 -13.2399 -51.9263 | 87.60300000000001 490.58080000000007
59.6918 -16.3202 -92.1733 -55.175 | -103.9767 553.8063
-89.4027 86.548 63.9235 88.5487 | 149.6175 -221.6329
-17.9609 8.6429 -34.5806 40.0983 | -3.800299999999993 203.04729999999998
-73.8236 60.1897 -35.0847 -23.6266 | -72.34519999999999 128.8952
-52.1914 76.0611 24.9083 -12.6042 | 36.17379999999999 -47.53660000000005
-42.4305 75.3766 76.1152 34.5028 | 143.5641 -229.2349
-63.6629 3.4385 -45.3674 23.7069 | -81.8849 87.87070000000001
-31.5347 64.5976 -63.9185 -54.184 | -85.03960000000001 382.59720000000004
94.2583 -98.6176 59.9934 51.1667 | 106.80080000000001 -243.8782
-67.4967 40.8476 -55.4542 3.3256 | -78.77770000000001 218.6493
-1.9771 58.955 -81.918 72.7534 | 47.81329999999999 671.2771
79.8853 60.8418 99.0468 92.9051 | 332.67900000000003 37.85239999999993
-97.9316 -62.1108 -3.9354 97.0836 | -66.89419999999997 -345.3666
67.4069 46.0268 -22.2489 -56.1119 | 35.0729 413.43369999999993
-39.0086 -30.616 -16.1265 -41.8299 | -127.58100000000002 -152.07120000000003
45.7632 -0.8835 -26.8844 88.0191 | 106.0144 375.0802
-80.8124 -51.3582 -72.4023 24.5096 | -180.06329999999997 8.00929999999996
-97.0813 9.237 -66.3833 -36.65 | -190.8776 49.73360000000006
84.8719 -93.7073 -91.6125 40.9582 | -59.489700000000006 490.5145
17.803 83.4732 80.9745 -2.5419 | 179.7088 -85.58580000000006
81.652 20.5735 -85.2923 -62.3977 | -45.4645 688.7403
-19.8263 -33.4112 51.5246 18.6199 | 16.907000000000004 -380.7156
-26.506 27.3139 81.9247 50.4657 | 133.19830000000002 -338.7341
40.4724 20.0205 -63.1881 -90.364 | -93.0592 425.0552
-35.4419 -12.5821 79.6919 64.3878 | 96.0557 -460.1437000000001
92.2739 93.4729 91.4507 -29.2025 | 247.995 88.78439999999993
55.3219 16.8246 57.0644 74.798 | 204.0089 23.91550000000001
12.0368 -50.5825 52.4609 53.7148 | 67.63 -306.2268
40.4822 19.6267 -0.8474 -93.5993 | -34.3378 108.96439999999998
34.4086 19.0954 11.2553 57.0063 | 121.7656 179.2418
66.5596 -29.1015 93.2614 -3.1696 | 127.54989999999998 -339.10229999999996
-14.56 11.7442 -40.9093 -86.4786 | -130.2037 127.62050000000002
-67.2194 30.6921 90.445 -62.4104 | -8.492700000000006 -606.2172999999999
89.1793 4.194 95.808 -89.5913 | 99.59000000000002 -270.51140000000004
-16.297 -24.4391 84.6095 52.6481 | 96.5215 -474.6077
-43.493 7.7066 -89.3617 94.8527 | -30.2954 452.302
-5.8862 35.6618 -25.7446 -51.3697 | -47.3387 184.68009999999998
-81.9027 -80.9096 -82.5847 15.562 | -229.83499999999998 -41.95139999999999
29.037 33.5496 -19.8731 77.8187 | 120.5322 382.94399999999996
2.4393 -5.8407 -68.6305 -41.8536 | -113.8855 309.0947
77.9392 -87.5 37.685 16.4062 | 44.5304 -182.70120000000003
24.1586 61.0569 36.2351 -75.9174 | 45.533199999999994 16.553600000000003
10.5346 28.771 46.0327 90.654 | 175.9923 -3.5927000000000078
56.4841 74.9743 12.036 -56.2963 | 87.19809999999998 295.8988999999999
58.9871 -94.6208 83.422 84.5586 | 132.3469 -421.45249999999993
-43.2735 91.4888 38.5398 -50.3385 | 36.416599999999995 -80.39159999999998
77.1049 -17.2024 41.9715 -64.8542 | 37.01979999999999 -77.00419999999998
-89.4477 58.6487 62.9952 66.1925 | 98.3887 -323.1805
-4.6148 94.5256 -73.2461 77.2127 | 93.8774 731.1756
-74.6807 -12.5852 1.4323 -96.3769 | -182.21050000000002 -347.3361
0.0466 3.6689 12.1734 42.4603 | 58.349199999999996 10.739799999999988
-57.84 -71.2109 -54.9521 27.3649 | -156.6381 -67.0273
75.2574 -46.1448 44.4706 -92.6005 | -19.01729999999999 -209.61569999999995
44.2805 -94.237 84.43 -8.6044 | 25.869100000000017 -562.6239000000002
96.5735 -75.504 -13.0947 -56.8112 | -48.83640000000001 89.87080000000002
91.087 92.9574 -30.3653 68.9186 | 222.5977 790.8783
37.5858 -60.1021 40.8492 72.3437 | 90.67660000000001 -181.45119999999997
-26.8469 -2.0648 87.7933 38.7673 | 97.6489 -468.9343
95.9986 -74.7007 48.9888 49.992 | 120.27869999999999 -113.05830000000003
4.9908 -44.6418 51.0248 51.9492 | 63.32299999999999 -304.1278
-20.9867 -6.9338 83.8689 -21.2282 | 34.7202 -506.3342
85.1709 12.2852 59.4516 -70.8046 | 86.10310000000001 -57.6943
-20.8082 -68.0181 -99.6189 -25.4479 | -213.8931 224.16769999999997
42.5359 56.3732 -57.2344 99.2431 | 140.9178 700.1424000000001
10.7329 13.6835 75.3214 75.5165 | 175.2543 -209.8413
8.7471 34.4888 0.5994 63.4191 | 107.2544 208.1298
68.0586 32.5319 -73.9328 -85.8675 | -59.209800000000016 603.568
24.5803 -61.2009 -29.211 -53.5006 | -119.3322 0.6926000000000201
11.7801 -54.2212 67.9582 60.5222 | 86.0393 -388.5921000000001
-28.731 -81.3975 4.7424 -7.6569 | -113.043 -343.7544
20.9872 -91.5453 93.4363 -42.915 | -20.036799999999992 -703.7708
-29.9505 -75.297 20.0396 -58.5378 | -143.7457 -456.47830000000005
-2.6414 55.2621 66.2275 -78.5415 | 40.306700000000006 -233.8169000000001
67.0525 -38.0561 22.8421 82.5394 | 134.3779 73.31809999999997
-36.1839 -34.7399 -57.4262 -20.3453 | -148.6953 72.01430000000002
-78.1936 -11.1244 -38.177 -90.4793 | -217.9743 -149.5483
10.7336 -54.8562 22.2569 -5.9201 | -27.785800000000002 -231.5724
49.2176 63.9088 93.6281 62.9144 | 269.6689 -47.84690000000006
41.3246 -61.0887 43.5286 -9.0661 | 14.69839999999999 -268.0014
-91.993 16.871 46.1941 13.5897 | -15.3382 -424.7468
43.3831 60.2426 -29.1193 -35.5077 | 38.9987 438.9659
83.3665 25.295 79.595 -37.9946 | 150.26190000000003 -91.98509999999999
0.5175 -84.9665 -7.7854 -24.1042 | -116.33859999999999 -220.52419999999998
21.3472 -5.8046 -58.5818 -78.1617 | -121.20089999999999 279.3751
61.9256 -51.1202 -74.2161 48.9027 | -14.507999999999988 470.3994
-77.9589 79.2523 81.1472 -41.8136 | 40.627 -425.66939999999994
74.2723 19.8734 94.2943 47.6236 | 236.0636 -123.41080000000005
52.9182 81.3342 -47.38 -39.8641 | 47.0083 617.7931
27.1895 0.5875 32.704 -44.1425 | 16.338499999999996 -106.3315
-35.3609 69.9509 29.8193 -64.281 | 0.12829999999999586 -91.60749999999997
-0.6909 84.5954 3.4689 73.0335 | 160.4069 325.40250000000003
-96.8589 -54.7014 68.0124 -79.8576 | -163.40550000000002 -856.6005
-41.521 -29.7043 -69.2467 39.6225 | -100.8495 190.18010000000004
35.1803 85.1527 -45.876 50.5433 | 125.0003 658.9223000000001
75.9992 17.5687 -57.786 -90.2942 | -54.512299999999996 497.3395000000001
94.1901 88.5823 -18.7388 78.9265 | 242.9601 738.9377
-81.666 24.9976 72.9192 20.4523 | 36.703100000000006 -496.1489
97.574 -71.9684 -26.2648 25.0107 | 24.351499999999994 251.1515
17.556 -34.8696 2.4429 -1.1698 | -16.040499999999998 -47.32509999999999
87.7474 46.3086 38.8034 -56.0951 | 116.76429999999999 170.05589999999998
69.8691 -75.6228 20.4139 -14.8185 | -0.15829999999999345 -116.1491
-83.3655 66.1623 -94.4355 -26.9189 | -138.5576 411.649
-74.6466 91.2711 -69.3023 -66.6171 | -119.2949 347.7679
-79.2056 31.9256 96.6045 78.8943 | 128.2188 -527.9682
76.401 51.5657 -90.8686 -26.0043 | 11.093800000000002 830.2387999999999
-60.2215 21.9971 81.2122 -94.4378 | -51.45 -597.172
-24.3366 -35.3992 -15.7583 20.6062 | -54.8879 -61.80970000000001
-6.3062 -71.8278 -66.6438 9.461 | -135.3168 126.278
89.046 69.3556 40.5463 -89.5206 | 109.4273 200.9527
-65.1121 -70.8689 2.7677 97.3948 | -35.8185 -306.3867
-67.2805 8.8894 -31.575 -66.9543 | -156.9204 -66.25259999999999
87.7813 -52.2357 91.7964 34.2081 | 161.55010000000001 -300.1371
27.8602 -75.0442 -98.378 -74.646 | -220.20800000000003 293.69199999999995
78.7809 -72.2935 -40.7948 -97.4335 | -131.74089999999998 144.00270000000006
-85.7827 91.6902 3.5038 52.1385 | 61.5498 70.34199999999997
-83.9918 73.5906 -27.6824 -86.0016 | -124.0852 39.206800000000015
23.5789 85.8705 18.3453 -77.517 | 50.27770000000001 177.1047
-69.7906 -87.0582 -25.897 55.6455 | -127.10029999999998 -267.4159000000001
-74.819 30.7968 95.4001 66.0015 | 117.37939999999999 -525.0656
-75.7297 56.2384 -89.9517 0.67 | -108.773 409.9546
-54.4685 -91.5045 97.3597 22.7197 | -25.89359999999998 -883.9978
-41.2607 -42.9673 85.0774 2.5419 | 3.3912999999999887 -657.5291
15.9877 -63.2469 -17.9677 72.7054 | 7.478499999999997 38.7663
32.5556 -20.7203 -34.1648 -16.6226 | -38.9521 207.7073
92.2417 14.8687 97.2226 -8.0552 | 196.2778 -154.83700000000005
4.3393 83.6402 -67.4365 27.6198 | 48.16279999999999 646.7408
56.2715 -93.2944 -48.0673 14.3449 | -70.7453 161.61270000000002
71.6598 -19.5818 -74.7858 45.1256 | 22.417800000000007 593.2886
69.5472 35.3861 -57.0555 19.8744 | 67.7522 637.9518
-52.4848 -14.3541 88.1798 59.0082 | 80.3491 -564.4075
78.4415 -49.8715 -0.5564 -29.1154 | -1.1017999999999937 77.3766
-34.0759 20.2081 40.2923 -69.8352 | -43.4107 -294.9001
48.8057 -1.1692 63.0297 48.9956 | 159.6618 -105.24340000000001
-91.9659 55.8276 -98.7116 -87.065 | -221.91490000000002 316.0781
28.4177 48.5805 98.4966 -7.8174 | 167.6774 -251.30580000000003
-66.3785 69.8046 -64.7237 65.5078 | 4.2102 417.40459999999996
43.1638 -91.9256 54.5778 -80.5584 | -74.7424 -481.7328
-13.689 86.0615 73.4081 83.9842 | 229.76479999999998 -47.93880000000006
82.956 90.9099 -6.8463 40.1449 | 207.1645 613.9741
-15.6732 27.473 -99.7592 69.813 | -18.1464 622.0084
66.3235 -96.7588 91.1239 -59.2454 | 1.4432000000000116 -588.1708
-85.1978 53.7601 4.1949 -85.4525 | -112.6953 -182.74009999999998
-76.4286 -88.4229 70.421 50.1645 | -44.265999999999984 -778.495
97.1379 -29.5729 37.0618 -64.9739 | 39.6529 -29.587900000000005
68.6397 39.8625 -90.4982 30.0034 | 48.007400000000004 826.001
21.5013 43.8366 73.2925 -50.0802 | 88.55020000000002 -202.52900000000005
43.6167 -94.4023 -74.7553 -93.2112 | -218.75209999999998 146.20850000000002
-18.1448 64.4005 54.5236 -73.8992 | 26.8801 -189.75010000000003
74.1202 -55.8463 -91.4775 -81.3441 | -154.54770000000002 448.8651
77.1379 -93.475 -60.4755 -45.5716 | -122.38419999999999 225.79460000000006
-65.9153 49.9941 35.8327 -53.9907 | -34.07919999999999 -262.9178
42.8518 -72.9356 62.3318 -76.4392 | -44.191199999999995 -460.3496
-64.5653 -72.3385 -95.8745 2.3723 | -230.406 89.03340000000003
97.078 11.5625 -55.6955 77.6545 | 130.5995 700.0535000000001
-3.7109 -3.4311 40.9755 -5.9556 | 27.8779 -214.2591
67.7241 6.9489 -14.2631 18.1578 | 78.5677 331.4923
88.3963 87.4959 -56.9692 45.5309 | 164.4539 876.0535
-78.4747 24.1599 21.5809 -27.1432 | -59.8771 -279.9921
72.8016 85.0007 22.9447 -6.6909 | 174.05610000000001 369.99249999999995
52.7291 -61.0204 1.1333 78.8732 | 71.7152 66.33279999999998
77.3211 -81.9602 2.7609 -48.8274 | -50.7056 -58.54920000000001
-21.2351 32.3421 -8.2417 99.2367 | 102.102 191.76620000000003
-2.9149 -98.2674 79.55 -90.5848 | -112.2171 -773.8817
-81.9696 11.4362 45.5773 72.5673 | 47.611200000000004 -348.9194
4.3052 -98.3891 88.0347 -66.9944 | -73.0436 -771.4196000000001
-0.4883 63.8436 17.9365 9.1404 | 90.4322 127.52380000000001
27.1624 -74.8946 69.6319 38.7127 | 60.61240000000001 -434.6434
-59.0323 -99.3943 -93.6999 11.9165 | -240.21000000000004 23.136199999999988
65.7585 1.7762 62.4904 -46.5662 | 83.4589 -138.41410000000002
6.2232 -43.5027 -71.5714 -10.6585 | -119.5094 253.35999999999999
47.8632 -28.6592 86.3832 -22.2396 | 83.3476 -378.54359999999997
60.92 19.1651 41.7976 -82.5232 | 39.3595 -33.255900000000025
54.0629 -50.8351 -48.1263 -15.3887 | -60.2872 252.92620000000002
45.5267 48.2217 57.3498 -16.9449 | 134.15330000000003 -4.44870000000007
30.0603 -24.7563 -12.502 45.533 | 38.335 141.955
-18.5095 -61.9265 82.0016 -95.5364 | -93.9708 -728.8524
48.1638 -14.68 -54.9985 -28.7266 | -50.241299999999995 364.71729999999997
-43.1765 -8.8667 -55.4894 70.619 | -36.9136 209.93640000000002
-86.7977 -50.4339 -70.0862 55.1861 | -152.13170000000002 11.922300000000057
-15.5134 -36.0163 43.8275 -49.2671 | -56.969300000000004 -404.9937
79.805 83.3189 13.9069 42.5164 | 219.5472 480.35360000000003
-51.6278 50.6723 -35.1928 42.5156 | 6.3673 233.6131
-5.2625 -13.9198 58.5162 2.1348 | 41.4687 -329.9931
-94.7281 40.7766 47.0774 44.062 | 37.1879 -335.17949999999996
-49.6821 -41.991 -44.3674 -11.5225 | -147.56300000000002 -46.70479999999998
-78.5647 91.8698 -85.0238 20.2137 | -51.504999999999995 503.248
84.0007 0.0316 2.0846 1.9374 | 88.05429999999998 261.61129999999997
68.9223 86.3753 -46.9418 55.5284 | 163.8842 774.1302000000001
-82.426 -88.9769 20.115 42.535 | -108.75289999999998 -554.2487
-78.7782 66.655 32.8109 80.0911 | 100.77879999999999 -102.33299999999998
97.9339 94.6525 80.3834 67.1437 | 340.11349999999993 260.9859
-66.087 63.2263 52.972 -8.4914 | 41.6199 -263.93350000000004
-8.341 1.8287 -97.1482 88.7472 | -14.913299999999992 572.9513
-70.7584 35.1834 -47.3027 44.8498 | -38.0279 192.63830000000002
-10.0379 -1.0609 -72.0133 68.6211 | -14.491 413.3912
-34.2339 -33.7575 -57.9627 80.0715 | -45.8826 183.9108
-55.4827 -37.9399 -10.4079 75.8262 | -28.0043 -134.40210000000002
17.4862 -61.0612 0.3168 12.5638 | -30.6944 -101.74520000000003
23.9927 60.9021 -4.4189 42.2493 | 122.7252 337.02819999999997
-60.7355 42.8656 42.3317 48.7964 | 73.25819999999999 -198.47179999999997
61.3724 39.8997 86.3387 -17.2717 | 170.33909999999997 -127.14890000000003
-76.4516 -81.5326 -85.3879 98.5142 | -144.85789999999997 69.5011
41.5984 -67.3819 25.4322 71.5902 | 71.2389 -114.92130000000003
-6.8322 -65.5222 -96.38 -75.2101 | -243.9445 207.62669999999997
-51.5427 62.8714 22.0767 -21.7227 | 11.6827 -80.12010000000001
-54.4126 52.427 -48.0105 48.6698 | -1.3262999999999963 300.76550000000003
37.7438 -40.904 63.3506 75.825 | 136.0154 -232.40860000000004
-56.7692 43.8786 32.6136 58.2692 | 77.9922 -125.47059999999999
-48.5123 -85.4221 -87.1228 -37.77 | -258.8272 14.040799999999969
-32.8764 -72.7622 -48.2861 -62.1904 | -216.11509999999998 -119.6757
18.3326 47.7725 -39.715 -2.3711 | 24.01899999999999 412.5192
93.7526 8.7897 -73.7337 -74.9454 | -46.13680000000001 619.3499999999999
-86.9672 -51.8333 74.4424 -65.0699 | -129.428 -835.6834000000001
81.9701 -10.0462 -80.7956 -92.809 | -101.68069999999999 544.9407
-36.4135 27.332 -0.1038 -13.6437 | -22.829 -22.369199999999992
-92.3405 90.7345 57.9729 76.9595 | 133.3264 -199.72300000000007
99.6539 13.2973 32.1137 -80.406 | 64.65889999999999 115.87909999999997
4.8387 47.4159 41.7652 86.7735 | 180.7933 52.71130000000001
96.5591 11.5456 -49.4553 43.1883 | 101.83770000000001 632.7789
62.2377 -55.4809 -83.4563 -3.9967 | -80.6962 451.5552
-64.5998 96.6906 -35.9072 -90.4713 | -94.2877 203.33710000000002
-42.9243 -51.4685 45.4091 -53.0617 | -102.0454 -545.2856
26.4817 32.0994 37.906 -4.1392 | 92.3479 0.07410000000000494
19.8603 29.8467 -7.5583 -99.5543 | -57.40560000000001 105.35819999999997
-18.0264 -8.0724 -44.9393 51.2005 | -19.837600000000002 215.60060000000001
45.4786 -27.0644 -36.1411 90.6997 | 72.9728 344.6478
-87.2617 49.5538 -36.6491 66.9753 | -7.381699999999995 155.0971
25.7224 -42.5245 89.6323 -47.5725 | 25.257699999999993 -528.1403
-14.6075 -5.8937 10.4668 20.5479 | 10.513499999999997 -75.2897
-71.7798 -42.6803 25.328 -47.9858 | -137.1179 -500.00610000000006
1.5993 88.3881 89.0002 50.6555 | 229.6431 -106.38330000000003
-79.5526 -38.0209 57.5285 91.773 | 31.728 -530.59
-5.8079 -58.4633 -23.2047 7.2806 | -80.1953 -51.509499999999974
86.8866 -58.9073 54.9812 63.5599 | 146.5204 -109.4082
73.354 -76.9228 20.397 32.997 | 49.8252 -61.69439999999996
94.3227 9.9911 -99.7564 -13.3866 | -8.829199999999998 816.3367999999999
-13.5959 47.9308 14.4279 3.988 | 52.7508 52.85319999999999
-59.93 -91.3703 6.4094 14.4512 | -130.4397 -453.49670000000003
-41.6917 35.0175 -31.2889 74.4198 | 36.4567 228.8417
90.0483 -83.5714 -7.5263 -13.0549 | -14.104299999999999 62.0073
-40.944 52.3642 -19.8751 6.1762 | -2.278700000000006 157.8123
0.7229 45.4914 29.912 71.9223 | 148.04860000000002 79.0052
71.7941 -75.0591 99.037 0.8777 | 96.64970000000001 -486.10230000000007
6.4695 -12.0766 36.8417 16.1695 | 47.4041 -166.86030000000002
48.4377 -91.4716 88.9549 99.2453 | 145.1663 -456.63090000000005
56.6111 18.3116 43.1866 82.4009 | 200.5102 109.236
35.6348 -34.666 44.6029 20.5967 | 66.16839999999999 -181.51139999999998
-95.39 -64.8515 -62.8546 -27.3263 | -250.4224 -175.77780000000007
-89.4952 53.1238 21.9099 -65.0804 | -79.5419 -265.7441
38.4186 69.3185 -82.1616 89.1511 | 114.72659999999999 841.1704000000001
40.3064 85.6196 47.2006 86.0464 | 259.173 245.8214
-96.6402 -73.026 19.6842 -36.2179 | -186.1999 -625.6374999999999
-79.4095 -10.7192 -41.2856 89.6074 | -41.8069 43.6493
19.412 19.3163 -43.2197 -83.2561 | -87.7475 267.0273
-12.1183 52.2485 18.8393 97.4736 | 156.44310000000002 141.66769999999997
-65.2234 58.3168 80.4912 -62.1932 | 11.391400000000012 -467.36899999999997
-87.1477 -75.808 -91.1897 -3.0981 | -257.2435 -18.01670000000003
7.9301 -13.8379 38.276 57.0803 | 89.4485 -134.02310000000003
89.0188 -21.5713 -36.6275 -64.4168 | -33.5968 339.06320000000005
-9.0352 -11.1465 79.3356 39.3121 | 98.46600000000001 -399.911
53.1213 16.0366 -35.4125 48.0323 | 81.7777 450.56850000000003
-91.6982 0.8961 -91.4679 26.0696 | -156.20039999999997 229.0028
54.2743 36.156 -45.7202 -53.0101 | -8.300000000000011 464.88179999999994
-5.8913 10.8253 14.3685 97.6535 | 116.95599999999999 58.613
45.526 68.9898 20.5822 -1.8184 | 133.27960000000002 256.81800000000004
78.5675 99.2655 -42.3276 -75.9616 | 59.543800000000005 687.1754
3.5676 81.7758 -46.6965 33.8741 | 72.521 541.3868
-19.8803 -53.24 -2.142 -94.6007 | -169.863 -285.2516
-55.1408 70.6487 -71.9597 92.7485 | 36.296700000000016 517.0707
29.2133 9.0164 98.3397 65.2003 | 201.7697 -293.80909999999994
-97.9604 -63.405 -27.2585 -92.2883 | -280.91220000000004 -422.09200000000004
-69.6775 74.3806 -13.4634 -50.7383 | -59.498599999999996 48.688000000000024
26.6575 -15.8241 -84.2491 -52.4576 | -125.8733 419.2881
-12.3916 89.9865 -73.2028 -77.1668 | -72.77469999999998 539.6319000000001
-22.7697 95.8001 -74.1981 82.7807 | 81.613 690.8624
-99.3477 -6.465 38.583 -49.308 | -116.5377 -541.6610999999999
62.0997 -82.261 35.9659 77.9974 | 93.80199999999999 -144.31599999999997
-99.5273 94.9238 81.6354 -85.5858 | -8.553899999999999 -489.5733000000001
-7.6576 74.9272 88.9969 17.3757 | 173.6422 -207.79999999999998
77.5233 -72.7445 44.8412 -6.1894 | 43.430600000000005 -198.059
-28.51 -89.8599 99.0727 -29.6763 | -48.9735 -862.1494999999999
-91.2093 -75.3332 -80.7577 71.6422 | -175.65800000000002 -6.196800000000053
9.2603 -2.5297 -82.0414 8.0702 | -67.2406 456.469
-44.5839 -10.3276 25.6333 3.5291 | -25.749100000000006 -271.3718999999999
-83.1099 -92.4995 -34.9643 -5.188 | -215.7617 -339.1946999999999
98.145 -39.1072 18.529 -74.2803 | 3.2865000000000038 28.18810000000002
-59.1496 -75.9738 96.6162 21.7698 | -16.737399999999997 -848.6813999999999
65.1847 -41.1002 -80.511 47.7316 | -8.69489999999999 540.5400999999999
13.9595 -42.4317 -22.5457 -28.8333 | -79.8512 16.478600000000007
23.0986 -41.4135 70.1951 47.8679 | 99.7481 -340.0523
-99.804 71.1239 -47.6374 92.584 | 16.266500000000008 262.7307
81.8542 26.0375 -10.4366 9.3188 | 106.77390000000001 403.17690000000005
-65.3901 -52.5749 -95.7603 30.154 | -183.5713 173.06050000000005
25.6623 -41.0734 -28.1606 -31.0258 | -74.5975 81.54389999999998
49.4893 -82.9408 -25.0249 -46.6614 | -105.1378 -3.8914000000000044
43.6455 87.2424 -74.4566 3.1379 | 59.56920000000001 786.0845999999999
5.1933 72.8147 35.6363 -12.3621 | 101.28219999999999 61.4804
33.7438 23.0174 -52.8762 -56.6062 | -52.721199999999996 396.05839999999995
-8.9528 45.4771 -62.5895 -53.1339 | -79.1991 387.3865
-77.6908 38.3239 -12.2665 -36.3412 | -87.9746 -75.1094
35.6788 74.5587 38.4887 10.0782 | 158.80440000000002 166.34720000000004
95.9563 25.0504 49.6972 -79.4869 | 91.217 53.04719999999999
71.4311 -2.0233 -42.2235 36.748 | 63.93229999999999 474.0889
-90.4446 -84.0751 86.9219 -31.817 | -119.41480000000001 -971.9856
-76.053 44.5481 6.5516 97.2075 | 72.2542 -12.065200000000004
95.9254 -27.3764 -98.8101 -85.5887 | -115.84980000000002 632.1088000000001
-36.3612 16.5484 21.5447 -68.4714 | -66.73949999999999 -217.63330000000002
74.8347 -64.9056 37.3251 33.2249 | 80.47909999999999 -105.61330000000004
46.9197 -70.196 47.335 17.2672 | 41.325900000000004 -271.23670000000004
-76.0895 34.4705 -55.5723 -7.9452 | -105.1365 163.05929999999995
-25.8323 1.4031 22.1072 -24.2487 | -26.570700000000002 -190.07229999999998
-0.5304 85.7729 -12.6933 -27.7628 | 44.786400000000015 309.4312000000001
-83.3683 -98.3506 -75.3626 80.1615 | -176.92000000000002 -70.18220000000001
-38.2888 -38.2453 -10.7773 76.3464 | -10.96499999999999 -81.3694
31.1835 49.1683 -43.7756 -6.944 | 29.6322 470.9894
81.682 72.9747 86.204 75.2856 | 316.1463 126.23570000000002
-96.037 -39.9547 59.9909 21.9671 | -54.033699999999996 -667.9625
-13.8534 22.2747 45.5126 22.8038 | 76.73769999999999 -161.4953
-7.9964 84.533 -50.5552 58.4016 | 84.38300000000001 558.7874
-16.177 50.7988 -3.7886 22.0544 | 52.887600000000006 162.8628
90.771 -45.943 -11.6404 -83.7808 | -50.593199999999996 126.90519999999998
14.7983 -0.6027 96.0946 87.9907 | 198.2809 -331.8955
31.3108 13.3081 -61.5093 85.2372 | 68.3468 544.6404
-18.4366 -42.4335 -1.6711 69.2265 | 6.685299999999998 -87.02829999999999
-46.3767 26.1645 -59.5536 69.0685 | -10.697299999999998 324.19990000000007
-61.9595 -47.3907 -36.3918 80.0521 | -65.68990000000002 -48.03950000000003
13.6366 -15.8071 80.0061 97.3038 | 175.1394 -291.2382
-60.5433 -30.6193 42.8212 13.475 | -34.8664 -456.11879999999996
-87.8452 -87.4505 -15.5571 -85.7113 | -276.5641 -515.8129
93.9921 -40.5413 -49.4599 -6.7807 | -2.789800000000004 418.87119999999993
83.3427 -12.8489 35.2634 1.6718 | 107.42899999999999 54.83620000000003
-19.6661 -51.547 66.2465 46.5693 | 41.6027 -480.3024999999999
-35.9974 -61.8244 48.5178 -9.364 | -58.66799999999999 -527.4184
-9.8289 -32.6058 -15.3931 -90.8777 | -148.70550000000003 -123.21629999999999
89.199 92.1794 56.2502 -11.5167 | 226.1119 269.36749999999995
32.5226 66.6896 89.4491 78.4381 | 267.0994 -53.1708
99.1687 -27.5948 -14.2449 58.7877 | 116.11670000000001 362.73389999999995
-59.9312 -11.0959 -78.9122 64.4535 | -85.4858 263.9332
10.6868 -37.4248 -22.4121 4.8014 | -44.348699999999994 54.64790000000001
-80.7087 23.7858 89.8396 -83.7854 | -50.86869999999999 -685.7520999999999
74.0974 -46.2417 -29.1745 96.7218 | 95.40299999999999 344.16139999999996
99.2502 13.3721 41.7291 64.7567 | 219.1081 211.97809999999996
11.1989 86.8363 -77.0532 91.7297 | 112.71169999999998 789.1012999999999
34.1418 -24.6319 9.457 39.885 | 58.8519 39.1297
-52.9126 52.936 6.7658 28.7755 | 35.5647 13.0167
-0.7682 55.2394 -11.4726 7.2498 | 50.248400000000004 246.02640000000002
63.2579 -75.3489 24.5299 -67.6328 | -55.1939 -208.55530000000002
-39.415 49.6671 89.4373 -6.5409 | 93.1485 -404.97110000000004
-19.5511 -40.861 54.904 -53.7283 | -59.23639999999999 -491.4846
-43.0545 42.9849 -86.417 37.7285 | -48.7581 487.60470000000004
37.2023 -66.3972 -69.0908 -47.4216 | -145.70729999999998 228.4477
78.5149 64.8972 -59.967 62.2593 | 145.70440000000002 810.3306
-75.2569 67.0244 -61.6343 -44.5263 | -114.3931 256.94770000000005
-74.2553 -52.3572 -33.1001 -81.6118 | -241.32440000000003 -277.9488
0.2161 -39.9155 -77.0489 99.3221 | -17.426199999999994 383.4684
11.067 -8.8625 89.1193 59.8963 | 151.2201 -361.0867
-51.0739 -11.8572 35.9363 -69.6294 | -96.6242 -420.1042
85.672 90.5425 -65.6287 -76.2483 | 34.33749999999999 798.5386999999998
19.1226 -87.7669 57.9442 -11.3176 | -22.017700000000012 -488.97150000000005
-96.6774 18.4581 90.136 1.164 | 13.080699999999991 -666.1739
-93.1031 29.3458 -87.6591 83.1697 | -68.2467 348.1932999999999
29.5747 -25.2538 -10.5431 39.3728 | 33.1506 123.051
-51.188 13.6954 93.5781 85.3451 | 141.4306 -477.0232000000001
84.4943 -56.2208 -51.4736 -52.6332 | -75.83330000000001 307.5553
-27.3284 -95.228 -52.6321 -79.0642 | -254.2527 -165.57289999999992
98.2592 -17.4983 -36.5975 -23.7137 | 20.44970000000001 419.55649999999997
77.7192 3.1524 21.5453 22.8441 | 125.261 175.7324
-84.6233 29.2426 61.588 42.784 | 48.991299999999995 -413.2981
76.5786 -16.4828 -55.715 25.5422 | 29.922999999999995 502.4046
-44.1354 -49.1339 89.2574 -68.4728 | -72.48469999999999 -776.5677000000001
86.408 56.5216 36.6996 -90.0629 | 89.5663 173.22789999999998
6.911 8.3473 79.534 17.8731 | 112.6654 -316.022
19.1601 -72.7823 -20.1588 43.2313 | -30.54970000000001 1.158699999999989
56.853 8.0571 64.3543 48.1023 | 177.36669999999998 -60.93889999999995
-49.6284 -83.6121 -83.9002 10.6239 | -206.5168 48.40339999999998
-84.2075 69.8491 44.501 -60.4011 | -30.25849999999999 -307.9813
-80.8108 -99.7292 -79.3215 -79.038 | -338.89950000000005 -206.0505
-18.2129 71.4621 32.1599 36.5216 | 121.9307 53.46970000000001
-28.1764 35.3196 -91.9905 -23.2994 | -108.14669999999998 476.0827
42.1527 -38.1609 -69.2957 -91.3233 | -156.62720000000002 285.13059999999996
74.8901 9.4583 -54.1379 -77.2397 | -47.0292 464.495
-27.0079 32.2863 64.8523 81.2393 | 151.37 -209.187
-63.9682 19.6189 -46.2317 31.5186 | -59.06239999999999 147.62919999999994
-0.9309 78.1022 40.9026 95.2587 | 213.3326 140.2596
-30.6877 4.9853 -32.5332 15.3446 | -42.891000000000005 118.9034
5.9149 -66.3618 -6.4161 29.0796 | -37.7834 -102.1806
76.7276 43.6011 -21.7934 1.8333 | 100.3686 489.78639999999996
17.2802 -8.8278 4.1804 -79.8952 | -67.2624 -57.44
20.8514 -71.7796 56.0789 55.4394 | 60.59009999999999 -359.73969999999997
24.1028 22.8288 -11.9908 -69.9825 | -35.0417 148.7663
1.6791 63.9567 -52.3919 -43.0451 | -29.801199999999994 433.8218
85.4637 50.8343 39.709 95.472 | 271.479 323.82099999999997
32.4019 -38.3532 -35.8383 26.6803 | -15.109300000000001 206.01789999999997
82.8198 -70.511 -91.9169 -1.9037 | -81.5118 512.6071999999999
64.9384 -42.7976 79.1203 31.4158 | 132.6769 -279.7633
-31.7653 -40.4027 81.109 -89.5829 | -80.6419 -693.6319
-37.5311 92.5878 15.8384 -41.0477 | 29.8474 62.930399999999985
57.4595 69.9161 6.0229 -54.2659 | 79.13259999999998 315.7464
96.6017 -71.0063 38.7156 -0.1987 | 64.1123 -98.9905
-15.266 89.0481 -62.8951 -44.3629 | -33.4759 509.4589
-65.896 -76.742 -92.9647 -30.8319 | -266.4346 24.07759999999998
27.652 -43.5016 13.4818 -5.8625 | -8.230300000000003 -102.8203
10.2567 88.5171 -15.2214 23.1826 | 106.73499999999999 413.611
-1.9005 11.8899 30.0339 -39.8073 | 0.21600000000000108 -142.0086
98.817 -27.8993 37.8557 -83.3595 | 25.413899999999998 -41.884900000000044
76.9862 -39.7633 1.7235 54.113 | 93.0594 175.1642
-47.0982 81.0371 -15.9967 -19.4177 | -1.4755000000000038 180.38249999999996
42.429 46.4156 40.9568 -55.047 | 74.7544 24.702800000000053
-23.6129 -15.8745 78.217 -40.7763 | -2.0467000000000013 -532.3235
-51.3715 -65.4158 -4.5277 -40.1732 | -161.4882 -349.8966
-2.7344 78.9175 86.8557 69.2831 | 232.32190000000003 -118.4461
-76.1556 91.5496 -45.8535 -71.7285 | -102.188 221.72099999999995
-53.3382 -42.5383 -21.6412 -21.9111 | -139.4288 -183.3346
-6.9084 -48.8703 18.7514 43.8472 | 6.819900000000004 -199.24590000000006
63.1503 75.7122 -69.3129 -13.9399 | 55.60970000000001 767.2121000000001
60.0399 8.7878 -5.046 18.9 | 82.6817 268.61310000000003
93.1693 -7.1633 -70.2796 19.8762 | 35.602599999999995 647.2922000000001
59.5182 -98.7391 -31.151 21.5034 | -48.8685 77.59570000000002
85.1114 -93.1122 36.0644 99.1607 | 127.2243 -87.16369999999996
48.8981 5.5061 33.5951 34.3376 | 122.33690000000001 47.5747
-97.4826 69.6214 -16.0454 -73.7278 | -117.63440000000001 -59.084400000000045
-29.8107 -4.0822 44.761 96.02 | 106.88810000000001 -211.46370000000002
-43.4372 -24.6623 -83.7125 29.8116 | -122.00040000000001 262.0756
94.1694 -95.3559 66.9336 84.7062 | 150.45329999999998 -235.52130000000002
57.5139 39.6131 88.6332 48.956 | 234.71620000000001 -84.82900000000002
-7.3269 -38.6012 38.9202 -45.1837 | -52.1916 -359.56899999999996
-17.9962 -24.7373 -19.6268 -70.0498 | -132.4101 -82.11630000000001
62.5059 30.3418 48.9498 3.6003 | 145.39780000000002 55.394399999999955
98.5861 -4.6217 -52.7887 45.6978 | 86.8735 609.5345000000001
42.5023 -37.6108 -50.2502 -98.0335 | -143.3922 185.892
3.9591 -57.3095 60.3733 14.8026 | 21.825499999999998 -429.1151
-35.3293 44.6056 -74.2866 -12.0206 | -77.0309 405.2413
-69.9418 -93.8928 71.5879 -14.9396 | -107.18629999999999 -846.3829000000001
-33.0718 -10.6782 -32.1037 67.6639 | -8.189800000000005 114.93240000000002
-66.6312 60.447 -61.7023 65.0456 | -2.840900000000019 373.00449999999995
20.1181 31.1886 -85.7878 69.3693 | 34.88819999999999 670.2284
-94.0908 -49.9314 -5.0854 -85.5034 | -234.611 -474.143
19.1319 -23.4107 43.9861 -77.4153 | -37.708 -292.18219999999997
81.9346 -43.1866 33.503 0.9201 | 73.17110000000001 -32.35089999999996
-38.3739 -19.9138 -42.4998 -93.1234 | -193.9109 -37.48750000000001
-41.6601 -75.6753 -70.8688 -97.2737 | -285.4779 -76.93590000000005
46.0673 91.5759 -38.9587 84.4408 | 183.1253 710.1639
97.2736 41.4998 -37.1413 45.2412 | 146.8733 665.2679
30.8987 -86.6403 1.8588 10.4828 | -43.39999999999999 -148.03599999999997
-38.1692 76.4718 -42.0355 35.5443 | 31.811400000000006 378.62960000000004
1.5428 -55.7947 43.5828 39.6943 | 29.025199999999998 -322.9754
-73.9041 -15.8451 -76.551 34.1265 | -132.17370000000003 165.6339
15.457 -4.066 85.986 7.975 | 105.352 -369.782
61.4773 48.6544 27.1199 -72.2142 | 65.03739999999999 140.58139999999995
92.2846 47.8111 94.3881 -83.0683 | 151.41549999999998 -116.72169999999997
73.0644 17.3061 75.9008 -85.8387 | 80.4326 -176.2312
-94.861 -89.8336 57.6832 31.5696 | -95.4418 -792.9302
-25.175 27.2591 -50.9593 -21.7123 | -70.5875 257.3365
23.6167 -82.6637 -55.4546 -31.6256 | -146.1272 86.50640000000001
41.0726 -52.1756 -33.9473 -45.9462 | -90.9965 108.48129999999998
-27.4823 56.054 -67.9913 16.6708 | -22.74879999999999 460.3424
70.6386 87.1295 -29.0697 52.4673 | 181.1657 689.1201
-80.9583 -29.5161 46.4128 12.3915 | -51.6701 -533.0957
56.5806 18.9954 -65.3203 -77.2101 | -66.9544 494.1193999999999
10.2068 49.1948 -23.1664 0.8268 | 37.062000000000005 312.86359999999996
-40.4829 38.1802 39.7659 -43.3485 | -5.885300000000001 -231.0861
94.8351 -92.3451 -23.3244 37.3658 | 16.531399999999994 179.45779999999996
24.7867 63.3747 -0.5392 -51.2506 | 36.37160000000001 233.92960000000002
92.135 -39.2582 -82.3517 1.1698 | -28.305099999999992 589.5586999999999
-66.2246 23.5643 85.683 45.4891 | 88.51180000000002 -492.9068
15.8334 -66.4451 -68.8286 45.3932 | -74.0471 255.7011
-92.4744 -94.4218 91.7923 -52.7917 | -147.89560000000003 -1054.4418
39.2255 -85.5263 -53.5738 -74.5507 | -174.42530000000002 72.41589999999991
44.3875 -23.4964 -68.803 39.8533 | -8.058599999999998 464.5416
-28.1764 -92.3605 88.0259 -19.2688 | -51.77980000000001 -803.009
-66.1553 53.4043 -93.7057 -31.3383 | -137.795 416.93719999999996
24.0031 23.8682 88.8096 96.9398 | 233.6207 -185.4943
-16.6478 -30.6194 -35.4466 21.7806 | -60.93319999999999 75.21199999999996
-76.257 -79.8699 -54.5319 -50.3306 | -260.9894 -228.05180000000007
-91.4418 -98.5177 -93.4086 -4.9379 | -288.30600000000004 -89.77340000000002
45.3873 59.1756 -78.1811 62.0516 | 88.4334 784.6458
2.1962 -0.8129 -78.2657 -38.2683 | -115.1507 375.21009999999995
67.3419 16.5867 -16.5875 9.1306 | 76.47169999999998 361.8539
53.3699 -91.6486 83.0854 64.4591 | 109.26580000000001 -447.804
51.0003 1.7979 48.3184 6.0079 | 107.12450000000001 -59.18949999999998
-89.567 -24.8307 54.5726 -80.8568 | -140.68189999999998 -678.9129
47.3052 54.5557 -37.5165 81.8549 | 146.1993 593.0201000000001
-12.9586 -76.8868 -18.2298 -33.9085 | -141.9837 -194.2957
58.7901 49.4496 32.0686 -53.0335 | 87.2748 129.3426
4.6546 -37.0082 55.936 -29.8553 | -6.2729 -388.59610000000004
51.8994 22.2662 69.9231 27.8087 | 171.8974 -81.30999999999999
75.8627 -89.7527 81.338 -96.7511 | -29.3031 -527.1111
-72.9523 -14.3072 19.9964 -24.491 | -91.75409999999998 -368.25149999999996
-52.7949 -53.0235 70.1806 47.2269 | 11.589100000000002 -603.1313
-20.2557 -92.6198 66.6921 -0.5792 | -46.762600000000006 -654.6662
28.524 -46.9711 2.5552 6.0312 | -9.8607 -44.08609999999999
-76.6051 74.8444 87.6711 99.5823 | 185.4927 -326.0553
-92.7848 80.1192 39.9058 72.4396 | 99.6798 -147.08619999999996
-68.3704 89.8588 6.0695 90.266 | 117.82390000000001 142.38370000000003
-42.8751 -3.8215 99.1218 -65.9967 | -13.571500000000015 -683.6955
-87.3016 -12.1873 -28.0605 62.7818 | -64.76760000000002 -77.38239999999993
53.2543 80.0891 6.691 34.0514 | 174.0858 418.62660000000005
85.9741 -39.5476 -24.3636 66.3258 | 88.3887 345.4233
24.4712 76.7448 6.279 -49.3697 | 58.12529999999999 240.88330000000005
-0.4389 -8.031 -61.6915 58.8945 | -11.2669 359.9423
-26.4446 65.1788 -91.6421 31.708 | -21.199900000000007 624.1211
-90.6699 94.3498 -13.6043 17.7554 | 7.831000000000005 114.8166
46.9464 24.0883 17.1869 93.286 | 181.5076 238.4556
66.3028 38.1875 -1.5958 30.639 | 133.5335 370.0889
17.1742 69.3689 93.0566 20.6597 | 200.25939999999997 -166.99400000000003
-85.7033 -64.3168 97.9456 -45.3883 | -97.46280000000002 -967.1765999999999
8.114 -96.7264 10.0387 63.0098 | -15.56389999999999 -235.02090000000004
17.0917 94.9566 -0.5957 -14.6439 | 96.8087 342.47950000000003
17.9522 19.0885 45.9306 -16.6232 | 66.3481 -117.1541
33.3058 -38.5571 -43.3171 71.4821 | 22.9137 290.31370000000004
33.9321 22.0802 -74.5239 92.5635 | 74.0519 651.2199
54.6801 -3.2057 63.4296 -78.3719 | 36.5321 -223.0967
96.9716 -45.4545 -8.4636 48.1321 | 91.1856 263.0014
-26.1036 -89.6797 -55.1186 15.473 | -155.4289 -38.28389999999992
-81.1924 -41.6668 -34.5966 64.5398 | -92.91600000000001 -113.0548
47.1396 -68.0063 -6.0515 -62.3977 | -89.3159 -76.74029999999996
91.9631 30.5546 -80.6388 -78.8329 | -36.95400000000001 709.9142
39.0221 29.6783 36.2809 -23.4967 | 81.4846 19.199999999999992
-53.9574 6.9566 -34.7168 -1.8092 | -83.52680000000001 48.772400000000005
-69.6858 80.3143 44.6892 13.9766 | 69.2943 -159.5839
4.3338 24.1201 -39.4527 40.6771 | 29.678300000000004 341.3023
-62.8198 88.3581 -38.1641 21.6129 | 8.987099999999995 307.0483
-97.3537 37.5385 87.5435 59.677 | 87.40529999999998 -539.4861
54.7652 34.3131 90.3413 -40.2577 | 139.1619 -206.72929999999997
-33.7053 -94.9886 75.9831 84.7298 | 32.01899999999998 -663.2674000000001
-41.6174 39.123 62.2347 -81.8132 | -22.072900000000004 -382.4699
72.5047 14.7224 84.2229 16.345 | 187.795 -125.0882
-29.0933 -88.5804 -73.8206 8.4871 | -183.0072 42.56900000000002
62.2942 39.7122 -39.6041 -28.2626 | 34.1397 493.7771
77.988 -84.5279 13.9866 -25.6823 | -18.235600000000005 -97.23500000000001
40.7118 -91.5288 -33.6696 75.5173 | -8.969300000000004 109.4143
26.8624 39.3926 -55.6684 -82.0876 | -71.501 413.01939999999996
14.0878 9.1918 -55.8592 -65.6194 | -98.199 301.5154
52.7669 -38.5452 3.8089 98.636 | 116.66659999999999 140.2566
-84.3329 91.4829 -97.7195 9.0436 | -81.5259 537.0911
-26.0998 -4.8429 65.8552 -3.6573 | 31.255199999999995 -407.7614
26.663 68.2164 86.5605 74.7851 | 256.225 -55.379200000000026
-72.4408 -1.5454 -63.8943 94.0407 | -43.83979999999998 209.55360000000002
-80.9445 54.8893 -66.0443 82.9062 | -9.193300000000008 352.9621
96.1408 2.7412 -6.4276 36.8434 | 129.2978 383.62739999999997
-7.1297 -81.9451 57.3145 76.3233 | 44.56300000000001 -459.47360000000003
73.1643 37.3763 -36.4122 98.2643 | 172.3927 629.9471000000001
-36.2159 -57.2114 51.8233 -13.7593 | -55.363299999999995 -535.1577000000001
75.7588 59.7365 94.0417 -93.217 | 136.32 -138.93960000000004
-57.9971 20.5796 20.1689 92.3565 | 75.1079 -102.74050000000004
-80.4485 -60.5649 96.5852 71.4087 | 26.980500000000006 -816.5575000000001
25.0358 -88.1055 -66.2892 -26.5258 | -155.8847 133.71109999999993
98.6991 10.2993 83.771 60.8693 | 253.63870000000003 -12.990500000000004
9.603 58.1213 -48.5818 38.0484 | 57.1909 502.13030000000003
36.9165 46.7091 36.0484 53.1517 | 172.82569999999998 141.7865
36.9659 63.8316 0.9303 -39.6577 | 62.070100000000004 276.0833
-49.174 29.0354 38.8187 -54.136 | -35.4559 -290.6453
-70.2288 15.665 -47.39 -78.3247 | -180.2785 12.933899999999966
-73.9854 50.2356 -20.5266 -75.0388 | -119.31519999999999 -25.655200000000008
-47.152 -65.4484 -57.5441 84.8841 | -85.26039999999999 52.80339999999997
78.0561 80.2912 -21.7336 -22.9769 | 113.63680000000002 578.733
21.68 72.1498 90.3925 9.665 | 193.8873 -142.8081
65.8241 -85.1216 -60.4839 -13.1908 | -92.97219999999999 249.3362
81.8072 -56.9619 -98.4696 53.0913 | -20.53300000000001 637.9752000000001
-30.1043 31.5253 37.2744 -3.3687 | 35.32670000000001 -167.4777
56.1872 55.8445 22.3877 -93.0879 | 41.33149999999999 149.06870000000004
7.2572 97.2807 -15.6514 -68.8391 | 20.047399999999996 341.0315999999999
90.1691 42.7446 50.0735 37.8993 | 220.8865 204.27289999999994
64.5968 -13.3555 -23.4444 79.6576 | 107.4545 368.60350000000005
74.9729 -25.3813 31.5754 9.3444 | 90.51140000000001 18.242200000000018
-81.9208 27.3777 -13.3233 48.7956 | -19.0708 -30.2172
54.8847 97.5376 43.015 82.7209 | 278.15819999999997 342.91279999999995
-93.1842 34.9855 36.1098 -54.8897 | -76.9786 -392.03479999999996
90.3172 -83.4662 48.0047 -29.3668 | 25.488899999999997 -230.83730000000003
-34.6886 69.587 13.5471 -11.7904 | 36.655100000000004 43.16930000000003
7.8344 -26.0588 63.9441 -45.0746 | 0.6450999999999993 -401.4683
11.0572 15.642 88.5451 48.7537 | 163.99800000000002 -295.87420000000003
20.6144 -68.1955 90.2373 -90.9967 | -48.34049999999999 -666.9265
26.5544 6.0322 77.6641 76.4849 | 186.7356 -196.07580000000007
65.2143 37.2494 4.3725 80.1075 | 186.94369999999998 383.6361
-49.6485 21.6651 -71.8694 80.5744 | -19.278400000000005 373.97119999999995
53.2312 -70.8078 53.514 -98.2969 | -62.35949999999999 -400.5967
-81.0223 -35.8097 99.2027 36.6191 | 18.989800000000002 -791.8903999999999
29.1246 -33.6071 53.5209 41.3582 | 90.39659999999999 -221.69379999999995
-24.5764 12.9018 -99.1976 25.2716 | -85.60059999999999 504.2357999999999
-49.2811 -99.9217 6.7668 -64.4745 | -206.9105 -527.9169
17.2907 -2.42 -8.9761 -22.602 | -16.7074 84.8906
99.6645 45.1948 -63.7361 -5.9256 | 75.19760000000002 765.3328
-54.7116 -91.7224 -1.5834 -89.3873 | -237.4047 -502.7723
-27.297 80.6187 -63.4663 -67.7247 | -77.86929999999998 427.5719
67.4478 93.9374 40.2504 58.4049 | 260.0405 359.3084999999999
40.9956 -87.8313 -48.5813 0.5805 | -94.8365 120.97990000000001
70.2446 99.4375 -94.2592 12.9503 | 88.37319999999998 1011.2926
-65.7285 11.2848 91.4742 -30.4965 | 6.5340000000000025 -633.1985999999999
40.1703 -2.0064 96.5322 -38.8424 | 95.8537 -389.0117
14.5282 32.6432 -92.7361 69.5266 | 23.961900000000007 692.7212999999999
-41.0316 -75.0106 -65.4781 27.5555 | -153.9648 24.819400000000034
13.2743 -49.0587 -89.1082 13.8936 | -110.999 370.0814
8.8816 -24.5925 -43.2967 -72.5659 | -131.5735 114.7849
10.3717 76.341 -73.6239 63.5553 | 76.6441 709.8128999999999
75.7749 -74.7933 -15.2771 -7.1702 | -21.465700000000002 90.1601
-60.3402 90.3042 96.3938 86.1931 | 212.5509 -287.8839
-92.3904 -86.5846 -92.0185 -8.8479 | -279.84139999999996 -67.68039999999992
34.6085 -80.577 81.6981 -70.3319 | -34.60230000000001 -598.7279
42.6154 3.0828 44.0854 -54.5513 | 35.23230000000001 -119.88369999999998
23.5647 49.8723 -99.0061 61.7792 | 36.2101 795.1206999999999
0.3733 -38.0568 -46.055 32.6921 | -51.0464 167.91660000000002
-38.2076 14.1288 -77.7506 32.0986 | -69.73080000000002 366.6152
-20.418 92.9924 -9.6158 30.9061 | 93.8647 314.7083
-63.8798 -11.26 98.2058 98.9016 | 121.96759999999999 -599.5468
94.4216 17.4935 -0.5482 50.2576 | 161.6245 406.74389999999994
-34.3753 37.9336 -49.8881 66.6345 | 20.304699999999997 344.7499
-48.9259 -27.3435 -28.2767 6.314 | -98.2321 -63.11069999999998
-72.1902 69.901 -23.185 52.6999 | 27.225699999999993 179.75729999999996
-22.1311 32.6811 6.6101 -66.2946 | -49.1345 -49.6951
65.5766 -18.9789 -63.999 44.1984 | 26.7971 521.9865
69.2338 66.03 -90.9139 -19.5179 | 24.832000000000004 858.843
-77.201 79.7224 -87.6865 45.4548 | -39.7103 509.4515
98.7148 99.2972 -22.5161 -65.3475 | 110.14840000000001 659.2690000000001
11.9062 -48.2365 86.0928 -15.8667 | 33.895799999999994 -537.3216
-22.4358 -31.7009 -42.5441 -98.0076 | -194.6884 -29.69719999999998
53.2779 -48.0538 59.7622 56.8619 | 121.84819999999999 -208.27679999999998
-55.7429 -28.7292 -75.3779 45.0388 | -114.81119999999999 186.512
-32.0781 84.2017 66.5967 7.3728 | 126.0931 -151.23989999999998
76.5507 -34.0054 -48.5986 69.87 | 63.81670000000001 458.49890000000005
43.9483 76.0925 65.3666 -89.2789 | 96.1285 -37.98950000000005
-61.1945 39.891 -1.8073 86.6119 | 63.50110000000001 49.737900000000025
70.767 23.1608 98.5354 -53.7998 | 138.66339999999997 -246.6934
95.2124 90.6879 -10.4116 -62.7792 | 112.70950000000002 564.9797000000001
-91.9988 -98.7756 10.1069 -17.282 | -197.94950000000003 -622.1397000000001
36.3279 59.2101 77.4626 -1.1859 | 171.8147 -83.88490000000002
70.2702 -17.0872 58.0716 23.3838 | 134.63840000000002 -89.42519999999996
29.7574 10.4026 -41.4738 54.2116 | 52.8978 400.0605999999999
-88.5137 58.3321 -58.0211 -62.0411 | -150.2438 155.51959999999997
-77.2767 -25.8564 93.9222 26.1322 | 16.92129999999999 -734.8781
-75.252 61.4794 -90.4991 15.8687 | -88.40299999999999 445.0464
-80.0601 19.5366 -42.9944 -46.0059 | -149.5238 5.395599999999973
9.0885 -37.714 -99.9773 93.0143 | -35.588499999999996 525.0243
-89.0544 -64.6816 97.1599 -82.0503 | -138.6264 -1011.0578
71.5474 -55.1481 62.0771 24.1933 | 102.6697 -218.99429999999998
77.5345 34.0256 -95.5421 -52.5438 | -36.52580000000001 777.847
-66.4976 99.2717 5.8457 5.6581 | 44.27789999999999 92.75189999999996
-18.0325 34.9113 -44.0509 -54.8528 | -82.0249 234.0381
96.985 45.6493 51.1658 63.5811 | 257.3812 253.655
-55.1499 23.8833 -56.3028 31.4299 | -56.1395 237.1441
67.7188 -27.4561 16.1369 99.7345 | 156.1341 157.8381
21.7172 -70.0611 -28.7453 -69.68 | -146.7692 -52.98519999999999
-81.0618 -74.7496 25.8467 57.4002 | -72.5645 -521.2674999999999
58.1444 70.6082 27.3769 -50.4888 | 105.64070000000001 216.88449999999997
91.5115 -76.9324 23.7297 -88.244 | -49.9352 -145.15520000000004
99.2038 -10.6801 -66.9818 14.5132 | 36.055099999999996 632.9933
-44.7435 80.8492 97.2066 65.5114 | 198.82369999999997 -294.2045
-90.6126 99.9758 -18.4241 -54.421 | -63.481899999999996 83.78910000000002
99.6436 -44.7552 40.4608 41.3198 | 136.66899999999998 21.681000000000026
-15.3616 -82.2101 32.4699 93.936 | 28.83420000000001 -343.1286
84.688 47.473 53.9503 -54.8707 | 131.2406 89.86080000000004
31.6314 35.5159 47.1012 91.9784 | 206.2269 75.9143
55.6607 -1.771 14.1097 -54.4637 | 13.535699999999991 54.65690000000001
-55.0372 72.35 48.4356 -70.116 | -4.367599999999996 -242.35560000000004
27.5115 78.0734 -62.5256 -14.0976 | 28.961700000000008 633.2851
55.661 57.6347 89.8175 -33.3866 | 169.72660000000002 -124.58699999999993
12.6483 -13.2396 85.8141 -8.4082 | 76.81459999999998 -421.2526
2.1036 63.2676 66.8445 98.5941 | 230.8098 -21.51479999999998
58.2097 38.9775 -84.7946 1.6894 | 14.081999999999987 735.2239999999999
-89.073 81.5531 -21.4132 53.7786 | 24.845500000000005 156.2849
14.4567 13.3814 -48.403 56.717 | 36.1521 400.24629999999996
42.3175 0.2906 -85.5411 56.3214 | 13.388399999999997 629.8512000000001
-78.5565 87.9646 36.9597 -34.7061 | 11.661700000000003 -173.28029999999998
5.4666 32.2288 96.8849 -0.2463 | 134.334 -353.5846
41.1127 34.0365 8.0346 0.4964 | 83.68019999999999 203.771
-56.6944 94.4396 -85.1714 -45.2442 | -92.6704 511.8484000000001
78.1584 -72.314 72.2609 -61.1651 | 16.94020000000001 -386.9364
6.3472 14.4863 62.1955 -31.5732 | 51.455799999999996 -262.0502
70.2032 61.1887 36.6683 14.1273 | 182.1875 242.9615
-50.3305 -74.3818 -79.5889 7.4859 | -196.8153 49.29349999999998
-96.9424 27.6493 -17.4175 74.7074 | -12.003200000000007 -28.084399999999988
68.6392 -65.187 -79.6846 96.4091 | 20.176699999999997 523.1887
-27.0491 52.209 -69.6935 52.4597 | 7.926100000000005 494.40689999999995
-52.2558 -11.7496 -78.031 59.9566 | -82.0798 276.09540000000004
-28.0656 17.255 43.0901 -51.7793 | -19.4998 -281.66159999999996
16.9942 -24.866 -30.1629 -51.7163 | -89.751 93.48280000000003
-21.329 4.6113 53.6529 -91.5326 | -54.5974 -391.9502
17.5521 -28.3585 27.0996 -79.5292 | -63.236000000000004 -229.44639999999998
-36.8493 -39.2766 27.1586 82.9903 | 34.023 -263.1804
73.1086 53.8171 97.3085 -56.3476 | 167.8866 -144.11299999999994
6.4921 -88.748 6.0675 58.4694 | -17.719000000000015 -200.63580000000002
-27.9646 11.2651 -50.6812 73.8941 | 6.513400000000004 295.2016
34.2084 -15.6944 -74.188 84.4423 | 28.768299999999996 528.9242999999999
-48.1683 1.7477 68.2464 67.8247 | 89.6505 -394.66909999999996
42.3808 79.5516 -80.3952 -49.0562 | -7.518999999999998 736.717
-14.4157 -58.6312 43.1271 -22.3933 | -52.31309999999999 -439.16949999999997
-68.0516 75.3918 35.5292 61.4116 | 104.281 -76.21379999999996
28.7082 54.3345 48.1391 -84.0015 | 47.18030000000002 -57.56889999999996
-90.5216 32.2333 61.5197 -49.0386 | -45.80720000000001 -513.502
46.7645 -59.533 -27.9974 -62.0208 | -102.7867 57.6607
61.8395 -79.7938 -31.3598 92.6996 | 43.3855 213.6357
-45.0881 -87.9935 -24.7105 -70.6938 | -228.48589999999996 -328.3861
-3.5752 86.1885 24.6024 -53.7531 | 53.46260000000001 89.07480000000005
34.8892 78.1733 13.9072 33.4456 | 160.4153 321.0971
-81.3605 -47.6239 -50.2117 -72.2545 | -251.4506 -190.1492
-25.3686 -72.6081 90.1907 -83.4647 | -91.25069999999998 -810.3483
52.1503 -93.8446 6.965 44.6802 | 9.950900000000004 -97.22769999999998
34.0144 -65.3395 -7.6704 -46.5026 | -85.4981 -84.1259
31.7029 -69.8998 52.6028 -2.6205 | 11.785400000000003 -362.2252
68.2615 29.519 76.2805 80.2088 | 254.26979999999998 10.147799999999961
59.4837 18.6829 12.5836 -60.7021 | 30.048100000000005 128.87969999999999
41.6494 93.6366 -16.2651 14.3074 | 133.32829999999998 519.4909
-34.1058 -74.9567 5.1681 77.4663 | -26.4281 -257.56170000000003
60.5616 90.3723 16.1031 46.8255 | 213.8625 437.1117
35.6011 42.8683 -64.6104 -38.9851 | -25.126099999999994 537.4751
50.2128 0.4783 21.9605 -17.6273 | 55.0243 42.64349999999999
15.5649 -16.5537 22.4245 36.8329 | 58.2686 -60.256
-54.8986 -4.5568 47.0382 -63.7402 | -76.1574 -459.2974000000001
18.1924 -16.5688 11.5435 37.0754 | 50.2425 2.2286999999999964
-50.4343 69.5481 58.7346 -89.5281 | -11.679699999999997 -307.8597
-39.0376 96.4029 -40.9025 -21.2638 | -4.800999999999998 373.34460000000007
-10.4771 88.1696 -43.952 81.6419 | 115.3824 552.4793999999999
-21.3123 37.1996 64.3899 -4.8603 | 75.4169 -261.1479
51.0347 31.2773 -70.7834 -27.3826 | -15.854000000000003 591.4704
33.5884 73.5233 35.2477 79.0876 | 221.447 242.18419999999998
-17.9632 11.0341 70.0485 76.9536 | 140.073 -276.07620000000003
-42.7387 74.8103 -14.4077 46.2623 | 63.9262 232.5156
5.5386 34.5945 44.5432 -35.6571 | 49.0192 -119.97380000000004
-67.9787 -44.2911 16.9772 67.1186 | -28.174000000000007 -336.57679999999993
53.9416 -59.7337 68.0021 -9.8124 | 52.3976 -349.1992
32.3392 -56.8033 -57.6571 -67.834 | -149.9552 165.0592
-72.461 -46.348 -42.2543 -69.4189 | -230.48219999999998 -196.57439999999997
-41.8143 32.0287 -26.2062 79.9011 | 43.9093 199.5753
84.5362 52.0063 60.5084 83.8128 | 280.8637 208.8982999999999
-87.0987 -46.7247 7.2654 20.2641 | -106.2939 -399.5331
47.2535 49.7123 53.4363 81.7345 | 232.13660000000002 123.45039999999997
-57.9742 6.133 59.0432 -35.016 | -27.814 -467.7556
-31.0757 -63.942 -86.3217 37.561 | -143.7784 202.11640000000008
26.1773 83.0952 -96.5097 -86.8115 | -74.04869999999998 741.5545
13.6633 -37.0386 82.0733 -76.4883 | -17.790299999999995 -538.9807000000001
-82.691 56.3073 -43.1447 81.0571 | 11.5287 235.6295
-68.4513 -21.095 79.2815 -66.0577 | -76.3225 -713.1040999999999
-42.0859 -73.359 61.7644 -33.238 | -86.9185 -670.3947000000001
-32.4148 78.5044 21.5283 -37.6976 | 29.920300000000005 10.92969999999999
-30.2847 -80.7918 -35.9395 -45.2999 | -192.3159 -180.83189999999996
-90.7601 70.506 54.1649 55.9777 | 89.88850000000001 -257.6091
-35.7222 85.3557 26.2345 56.7616 | 132.62959999999998 92.48959999999995
